0.00038313 0.00017117 -0.00010620
0.00017117 0.00029736 -0.00015349
-0.00010620 -0.00015349 0.00025416
0.00014342 0.00000062 0.00006385
0.00000062 0.00003918 -0.00000051
0.00006385 -0.00000051 0.00012461
0.00068673 -0.00014088 0.00001871
-0.00014088 0.00092866 -0.00013909
0.00001871 -0.00013909 0.00004221
0.00031002 0.00000102 0.00000168
0.00000102 0.00010851 -0.00000008
0.00000168 -0.00000008 0.00010756
0.00039855 0.00000621 0.00003192
0.00000621 0.00041418 -0.00005886
0.00003192 -0.00005886 0.00117736
0.00513905 -0.00155079 -0.00001503
-0.00155079 0.00128189 -0.00046408
-0.00001503 -0.00046408 0.00184087
