-5510.38710660 58.43884979 -780.30111229
58.43884979 -5590.76833422 -410.38171047
-780.30111229 -410.38171047 -141.90662360
0.00000000 0.00000000 0.00000000
0.00000000 0.00000000 0.00000000
0.00000000 0.00000000 0.00000000
0.00000000 0.00000000 0.00000000
0.00000000 0.00000000 0.00000000
0.00000000 0.00000000 0.00000000
0.00000000 0.00000000 0.00000000
0.00000000 0.00000000 0.00000000
0.00000000 0.00000000 0.00000000
0.00000000 0.00000000 0.00000000
0.00000000 0.00000000 0.00000000
0.00000000 0.00000000 0.00000000
-0.24094469 -3.31242150 -0.34833572
-3.31242150 -62.18304070 0.01857467
-0.34833572 0.01857467 -62.35771907
0.00000000 0.00000000 0.00000000
0.00000000 0.00000000 0.00000000
0.00000000 0.00000000 0.00000000
0.00000000 0.00000000 0.00000000
0.00000000 0.00000000 0.00000000
0.00000000 0.00000000 0.00000000
0.00000000 0.00000000 0.00000000
0.00000000 0.00000000 0.00000000
0.00000000 0.00000000 0.00000000
-13.23986408 0.63519552 -1.03416991
0.63519552 -9.76221111 -5.84498951
-1.03416991 -5.84498951 -3.83594923
-2.08381754 -30.89749745 22.08342825
-30.89749745 -717.64613772 -0.95177626
22.08342825 -0.95177626 -718.29752769
0.00000000 0.00000000 0.00000000
0.00000000 0.00000000 0.00000000
0.00000000 0.00000000 0.00000000
0.00000000 0.00000000 0.00000000
0.00000000 0.00000000 0.00000000
0.00000000 0.00000000 0.00000000
0.00000000 0.00000000 0.00000000
0.00000000 0.00000000 0.00000000
0.00000000 0.00000000 0.00000000
