0.00003644 -0.00000171 -0.00000171
-0.00000171 0.00000117 0.00000006
-0.00000171 0.00000006 0.00001902
0.00018832 0.00000798 0.00008750
0.00000798 0.00003771 0.00000196
0.00008750 0.00000196 0.00017549
0.00003406 -0.00001698 0.00000710
-0.00001698 0.00005698 -0.00001343
0.00000710 -0.00001343 0.00003069
0.00029038 0.00000175 0.00017078
0.00000175 0.00015422 0.00000050
0.00017078 0.00000050 0.00024648
0.00000625 -0.00000323 0.00000079
-0.00000323 0.00001166 -0.00000166
0.00000079 -0.00000166 0.00000514
0.00021175 -0.00001440 0.00002924
-0.00001440 0.00007602 -0.00000417
0.00002924 -0.00000417 0.00008275
0.00005569 -0.00000660 -0.00001577
-0.00000660 0.00000548 -0.00000048
-0.00001577 -0.00000048 0.00003259
0.00000064 -0.00000023 0.00000019
-0.00000023 0.00000109 -0.00000045
0.00000019 -0.00000045 0.00000092
0.00007272 -0.00003125 -0.00002798
-0.00003125 0.00001644 0.00002311
-0.00002798 0.00002311 0.00013788
0.00007807 0.00000792 0.00004230
0.00000792 0.00004285 0.00000615
0.00004230 0.00000615 0.00010161
0.00028621 -0.00001987 0.00003129
-0.00001987 0.00010150 -0.00000502
0.00003129 -0.00000502 0.00010736
0.00040661 -0.00009901 0.00019143
-0.00009901 0.00031994 -0.00015301
0.00019143 -0.00015301 0.00095715
0.00018405 -0.00002480 0.00021062
-0.00002480 0.00021071 -0.00004644
0.00021062 -0.00004644 0.00041666
0.00020961 0.00003427 0.00008201
0.00003427 0.00012121 -0.00003488
0.00008201 -0.00003488 0.00058280
