0.00014307 -0.00001959 -0.00000999
-0.00001959 0.00035834 0.00010177
-0.00000999 0.00010177 0.00019057
0.00000642 0.00000407 0.00000428
0.00000407 0.00001952 -0.00000208
0.00000428 -0.00000208 0.00000939
0.00003943 -0.00000203 -0.00001287
-0.00000203 0.00001409 0.00000128
-0.00001287 0.00000128 0.00002355
0.00034691 0.00005587 0.00019775
0.00005587 0.00012378 -0.00000059
0.00019775 -0.00000059 0.00069455
0.00008204 -0.00003081 0.00000325
-0.00003081 0.00017572 -0.00008983
0.00000325 -0.00008983 0.00012963
0.00002079 -0.00001011 0.00000273
-0.00001011 0.00004757 -0.00000505
0.00000273 -0.00000505 0.00001788
0.00007820 0.00000233 0.00001110
0.00000233 0.00002751 0.00000045
0.00001110 0.00000045 0.00003073
0.00026036 0.00001604 0.00011841
0.00001604 0.00012102 0.00000358
0.00011841 0.00000358 0.00018641
0.00002130 0.00000832 -0.00000609
0.00000832 0.00000592 -0.00001071
-0.00000609 -0.00001071 0.00004678
