0.00011707 -0.00000576 -0.00000523
-0.00000576 0.00003219 -0.00000073
-0.00000523 -0.00000073 0.00004146
0.00050381 0.00013415 -0.00018788
0.00013415 0.00089641 -0.00044015
-0.00018788 -0.00044015 0.00090775
0.00038247 0.00013987 -0.00006278
0.00013987 0.00089107 -0.00019999
-0.00006278 -0.00019999 0.00038098
0.00034723 -0.00009997 -0.00013644
-0.00009997 0.00060043 0.00029535
-0.00013644 0.00029535 0.00065739
0.00054663 0.00000272 -0.00023098
0.00000272 0.00049561 -0.00005382
-0.00023098 -0.00005382 0.00136745
0.00089240 -0.00003516 -0.00052440
-0.00003516 0.00069369 0.00002105
-0.00052440 0.00002105 0.00175753
0.00059914 0.00008271 -0.00007927
0.00008271 0.00006099 0.00006095
-0.00007927 0.00006095 0.00019971
0.00051661 -0.00031283 -0.00005243
-0.00031283 0.00096292 0.00011365
-0.00005243 0.00011365 0.00042195
0.00040995 0.00003169 -0.00022304
0.00003169 0.00014114 -0.00011870
-0.00022304 -0.00011870 0.00050285
0.00016165 0.00000928 -0.00001989
0.00000928 0.00018214 -0.00007136
-0.00001989 -0.00007136 0.00045971
0.00018262 -0.00007632 -0.00001410
-0.00007632 0.00044405 0.00003353
-0.00001410 0.00003353 0.00015741
0.00020916 0.00001813 0.00000734
0.00001813 0.00054497 0.00013088
0.00000734 0.00013088 0.00025979
