name: nav-target2-lags
K: 3.0
M: 2.0
Priors: [0.06363636363636363, 0.15227272727272728, 0.11818181818181818]
Mu: [-3.564853625976168, -0.9561889278320407, -4.787718055367154, -0.30932531053943035,
  -6.468205151749552, -1.4056684103495172]
Sigma: [0.04578687246476137, -0.006237789141705131, -0.006237789141705131, 0.12902664647265355,
  0.8796425919361536, 0.08877522703654726, 0.08877522703654726, 0.3266425340212141,
  0.057785271446011345, 0.009034698149617982, 0.00903469814961798, 0.16210502917649944]
A: [-0.02372889250221251, 0.2572623718774063, -0.16364801515138316, -0.12198032438667337,
  -0.03529903050740211, 0.2667226658820891, -0.37578943223263667, -0.38532480815155484,
  -0.559582740105296, 1.4028136068789572, -0.09740233442437866, -0.7731895173319192]
attractor: [-6.550294811025546, -1.8592265242124464]
x0_all: [-3.648529916410604, -1.2880347154368907, -3.5045219561206546, -1.5238539306500698]
dt: 0.00906229019165039
