0.00299456 -0.00054919 0.00060238
-0.00054919 0.00487704 -0.00261841
0.00060238 -0.00261841 0.00601835
0.00317078 -0.00362341 0.00093015
-0.00362341 0.01082688 -0.00107436
0.00093015 -0.00107436 0.00451953
0.00011979 0.00000161 0.00001097
0.00000161 0.00011981 0.00000526
0.00001097 0.00000526 0.00034459
0.00850716 -0.00375248 0.00037952
-0.00375248 0.00691828 -0.00119754
0.00037952 -0.00119754 0.00189163
0.00240429 0.00032388 0.00058618
0.00032388 0.00044179 0.00010134
0.00058618 0.00010134 0.00117495
0.00097923 0.00001100 -0.00041740
0.00001100 0.00046027 -0.00000919
-0.00041740 -0.00000919 0.00079494
0.00399949 0.00038588 0.00003004
0.00038588 0.01274560 -0.00111905
0.00003004 -0.00111905 0.00465936
0.00113614 0.00008301 -0.00085015
0.00008301 0.00076909 -0.00032413
-0.00085015 -0.00032413 0.00138449
0.01266292 -0.00387087 -0.00459704
-0.00387087 0.00791693 0.00175394
-0.00459704 0.00175394 0.00618351
