0.00053350 -0.00011827 -0.00016474
-0.00011827 0.00023306 0.00009806
-0.00016474 0.00009806 0.00030374
0.00082385 0.00014221 0.00013767
0.00014221 0.00055257 -0.00019859
0.00013767 -0.00019859 0.00025216
0.00067126 0.00001684 0.00010709
0.00001684 0.00023481 0.00000372
0.00010709 0.00000372 0.00027142
0.00019786 0.00000642 -0.00005606
0.00000642 0.00003784 -0.00001217
-0.00005606 -0.00001217 0.00010288
0.00131488 -0.00002759 -0.00001492
-0.00002759 0.00016628 -0.00032078
-0.00001492 -0.00032078 0.00077034
0.00000129 -0.00000024 -0.00000004
-0.00000024 0.00000364 0.00000012
-0.00000004 0.00000012 0.00000127
0.00032081 -0.00003015 -0.00011102
-0.00003015 0.00034676 0.00007312
-0.00011102 0.00007312 0.00095616
0.00024176 0.00001003 -0.00008117
0.00001003 0.00002409 0.00000688
-0.00008117 0.00000688 0.00020154
