0.00000000 0.00000000 0.00000000
0.00000000 0.00000000 0.00000000
0.00000000 0.00000000 0.00000000
-62.77206495 0.39009472 1.64839107
0.39009472 -59.49210205 14.05321887
1.64839107 14.05321887 -3.43429409
0.00000000 0.00000000 0.00000000
0.00000000 0.00000000 0.00000000
0.00000000 0.00000000 0.00000000
0.00000000 0.00000000 0.00000000
0.00000000 0.00000000 0.00000000
0.00000000 0.00000000 0.00000000
-3.34700828 1.59097400 8.39830758
1.59097400 -25.22775598 0.60745572
8.39830758 0.60745572 -22.13624316
-6.87826981 -1.07078401 18.76922878
-1.07078401 -58.68210536 -0.38779388
18.76922878 -0.38779388 -51.90678705
0.00000000 0.00000000 0.00000000
0.00000000 0.00000000 0.00000000
0.00000000 0.00000000 0.00000000
-10.23941493 -2.11552450 -2.64353523
-2.11552450 -7.41847731 4.93972224
-2.64353523 4.93972224 -5.19893578
0.00000000 0.00000000 0.00000000
0.00000000 0.00000000 0.00000000
0.00000000 0.00000000 0.00000000
0.00000000 0.00000000 0.00000000
0.00000000 0.00000000 0.00000000
0.00000000 0.00000000 0.00000000
