0.00021477 -0.00001432 -0.00009578
-0.00001432 0.00019491 0.00004369
-0.00009578 0.00004369 0.00050587
0.00005662 -0.00001241 -0.00000887
-0.00001241 0.00000492 -0.00000199
-0.00000887 -0.00000199 0.00004923
0.00043589 0.00014487 -0.00012752
0.00014487 0.00028774 -0.00008505
-0.00012752 -0.00008505 0.00028038
0.00031324 -0.00004564 0.00009734
-0.00004564 0.00018830 -0.00012938
0.00009734 -0.00012938 0.00080372
0.00012830 -0.00001083 -0.00000097
-0.00001083 0.00003896 0.00000100
-0.00000097 0.00000100 0.00004528
0.00028607 -0.00001984 0.00008133
-0.00001984 0.00011506 -0.00000972
0.00008133 -0.00000972 0.00015289
0.00024532 -0.00018795 0.00003391
-0.00018795 0.00033135 -0.00011418
0.00003391 -0.00011418 0.00019962
0.00021600 -0.00004811 0.00009439
-0.00004811 0.00004931 -0.00000915
0.00009439 -0.00000915 0.00037168
0.00109012 -0.00036735 0.00031659
-0.00036735 0.00072583 -0.00019213
0.00031659 -0.00019213 0.00069314
0.00000715 -0.00000178 0.00000208
-0.00000178 0.00001003 -0.00000058
0.00000208 -0.00000058 0.00003061
