-4.28712069 -0.08278699 1.22269535
-0.08278699 -4.62191592 -0.28582206
1.22269535 -0.28582206 -0.41991314
-0.12498348 -0.37266746 0.08381111
-0.37266746 -11.16577370 -0.00282572
0.08381111 -0.00282572 -11.17770281
0.00000000 0.00000000 0.00000000
0.00000000 0.00000000 0.00000000
0.00000000 0.00000000 0.00000000
0.00000000 0.00000000 0.00000000
0.00000000 0.00000000 0.00000000
0.00000000 0.00000000 0.00000000
0.00000000 0.00000000 0.00000000
0.00000000 0.00000000 0.00000000
0.00000000 0.00000000 0.00000000
0.00000000 0.00000000 0.00000000
0.00000000 0.00000000 0.00000000
0.00000000 0.00000000 0.00000000
-0.08719805 0.00796587 0.04250350
0.00796587 -8.69808122 0.00003932
0.04250350 0.00003932 -8.69787879
0.00000000 0.00000000 0.00000000
0.00000000 0.00000000 0.00000000
0.00000000 0.00000000 0.00000000
0.00000000 0.00000000 0.00000000
0.00000000 0.00000000 0.00000000
0.00000000 0.00000000 0.00000000
-3.52936716 0.02620086 -0.17259271
0.02620086 -3.46071252 -0.51058915
-0.17259271 -0.51058915 -0.17482340
0.00000000 0.00000000 0.00000000
0.00000000 0.00000000 0.00000000
0.00000000 0.00000000 0.00000000
-0.12945316 0.24940753 0.07619297
0.24940753 -12.38557039 0.00154986
0.07619297 0.00154986 -12.39017016
0.00000000 0.00000000 0.00000000
0.00000000 0.00000000 0.00000000
0.00000000 0.00000000 0.00000000
0.00000000 0.00000000 0.00000000
0.00000000 0.00000000 0.00000000
0.00000000 0.00000000 0.00000000
-7.00524030 -0.16238569 -0.40498983
-0.16238569 -6.07218365 2.39551115
-0.40498983 2.39551115 -1.05829008
0.00000000 0.00000000 0.00000000
0.00000000 0.00000000 0.00000000
0.00000000 0.00000000 0.00000000
-2.01590878 0.82047544 -0.66409083
0.82047544 -1.39638139 -0.96056573
-0.66409083 -0.96056573 -1.80566807
-0.08099291 -0.02601837 0.16071474
-0.02601837 -7.75374781 -0.00054498
0.16071474 -0.00054498 -7.75046972
0.00000000 0.00000000 0.00000000
0.00000000 0.00000000 0.00000000
0.00000000 0.00000000 0.00000000
0.00000000 0.00000000 0.00000000
0.00000000 0.00000000 0.00000000
0.00000000 0.00000000 0.00000000
0.00000000 0.00000000 0.00000000
0.00000000 0.00000000 0.00000000
0.00000000 0.00000000 0.00000000
0.00000000 0.00000000 0.00000000
0.00000000 0.00000000 0.00000000
0.00000000 0.00000000 0.00000000
-0.22538525 -0.71370545 0.24432980
-0.71370545 -19.57526460 -0.00899969
0.24432980 -0.00899969 -19.59847241
