-0.26437413 -0.00335869 -0.00001764
-0.00335869 -0.00093147 0.00138379
-0.00001764 0.00138379 -0.26440968
-71.02331104 -0.53797838 0.06437073
-0.53797838 -1.24004081 -8.35027438
0.06437073 -8.35027438 -70.02832277
0.00000000 0.00000000 0.00000000
0.00000000 0.00000000 0.00000000
0.00000000 0.00000000 0.00000000
0.00000000 0.00000000 0.00000000
0.00000000 0.00000000 0.00000000
0.00000000 0.00000000 0.00000000
-119.17843957 -1.07343416 0.00188609
-1.07343416 -0.40736125 -0.20870554
0.00188609 -0.20870554 -119.18777360
-22.69654380 0.58509590 -0.00215983
0.58509590 -0.03054366 -0.08372528
-0.00215983 -0.08372528 -22.71132824
-18.93984781 0.34151052 -0.01362783
0.34151052 -0.04889380 -0.75408178
-0.01362783 -0.75408178 -18.91592831
0.00000000 0.00000000 0.00000000
0.00000000 0.00000000 0.00000000
0.00000000 0.00000000 0.00000000
-42.59114072 -0.99405567 -0.11546475
-0.99405567 -0.73074186 4.86504423
-0.11546475 4.86504423 -42.04963291
0.00000000 0.00000000 0.00000000
0.00000000 0.00000000 0.00000000
0.00000000 0.00000000 0.00000000
