0.00032343 -0.00000948 0.00000346
-0.00000948 0.00137025 0.00001573
0.00000346 0.00001573 0.00047991
0.00046246 0.00000388 0.00000482
0.00000388 0.00169325 -0.00003277
0.00000482 -0.00003277 0.00059377
0.00007909 0.00000070 0.00000649
0.00000070 0.00059541 -0.00032610
0.00000649 -0.00032610 0.00089580
0.00019464 0.00000355 -0.00000635
0.00000355 0.00046528 -0.00024409
-0.00000635 -0.00024409 0.00091908
0.00100019 -0.00000303 0.00000058
-0.00000303 0.00291189 0.00003241
0.00000058 0.00003241 0.00101989
0.00031703 0.00000361 -0.00000518
0.00000361 0.00144561 -0.00006375
-0.00000518 -0.00006375 0.00051169
0.00045369 -0.00000008 -0.00000752
-0.00000008 0.00223593 -0.00001089
-0.00000752 -0.00001089 0.00078251
0.00027131 0.00000234 -0.00000806
0.00000234 0.00057352 0.00028050
-0.00000806 0.00028050 0.00124760
0.00071764 0.00000334 -0.00000064
0.00000334 0.00219754 -0.00000669
-0.00000064 -0.00000669 0.00076918
0.00015896 0.00000737 -0.00000230
0.00000737 0.00045689 0.00019905
-0.00000230 0.00019905 0.00108256
