-2.58622292 0.05507958 0.00290691
0.05507958 -0.01696454 0.13565891
0.00290691 0.13565891 -2.58024356
-47.68196238 -0.14506279 0.00113046
-0.14506279 -0.00429045 -0.37154981
0.00113046 -0.37154981 -47.67950830
-66.79093781 -0.10110616 -3.70547003
-0.10110616 -66.94710412 1.82016512
-3.70547003 1.82016512 -0.28899348
-4.37911949 -0.10604989 -0.02162084
-0.10604989 -0.21952479 0.84858489
-0.02162084 0.84858489 -4.20881694
-27.93806764 0.63502089 0.02103518
0.63502089 -0.13819326 0.92135615
0.02103518 0.92135615 -27.92204550
-3.11949886 -0.14732705 -0.00024890
-0.14732705 -0.01741175 0.00525251
-0.00024890 0.00525251 -3.12647126
-8.48325751 -0.49476176 -0.03523520
-0.49476176 -0.10013877 0.59908873
-0.03523520 0.59908873 -8.46969176
-25.04102706 0.48509300 0.04347780
0.48509300 -0.45763294 2.20421211
0.04347780 2.20421211 -24.85303687
-8.55805304 0.01445188 0.22960240
0.01445188 -8.53059902 0.53475450
0.22960240 0.53475450 -0.06841167
-1.98250254 0.01305103 0.03412454
0.01305103 -1.73273523 0.65484494
0.03412454 0.65484494 -0.27095934
-7.56457542 -0.01448041 -0.00011912
-0.01448041 -0.07618081 0.06160325
-0.00011912 0.06160325 -7.56409665
-10.43098811 0.15632879 0.01317712
0.15632879 -0.17957016 0.86430370
0.01317712 0.86430370 -10.36051842
-5.64900267 -0.01150146 0.01505912
-0.01150146 -3.58869844 -2.69768736
0.01505912 -2.69768736 -2.11692331
-21.40082543 0.87853644 -0.01943506
0.87853644 -0.04698031 -0.47318978
-0.01943506 -0.47318978 -21.42644111
